1 0 -3 0.
2 0.8 -2 0
3 1.2 -2 0
4 3 -3 0.
5 2 -1.2 0
6 2 -0.8 0
7 3 0 0.
8 2 0.8 0
9 2 1.2 0
10 3 3 0.
11 1.2 2 0
12 0.8 2 0
13 -0 3 0.
14 -0.8 2 0
15 -1.2 2 0
16 -3 3 0.
17 -2 1.2 0
18 -2 0.8 0
19 -3 0 0.
20 -2 -0.8 0
21 -2 -1.2 0
22 -3 -3 0.
23 -1.2 -2 0
24 -0.8 -2 0

25 0 -4 0. 
26 1 -3 0.
27 2 -3 0.
28 4 -4 0.
29 3 -2 0.
30 3 -1 0.
31 4 0 0.
32 3 1 0.
33 3 2 0.
34 4 4 0.
35 2 3 0.
36 1 3 0.
37 0 4 0. 
38 -1 3 0.
39 -2 3 0.
40 -4 4 0.
41 -3 2 0.
42 -3 1 0.
43 -4 0 0.
44 -3 -1 0.
45 -3 -2 0.
46 -4 -4 0.
47 -2 -3 0.
48 -1 -3 0.

49 0 -6 0.
50 1.5 -5 0.
51 3.4 -5 0.
52 6 -6 0.
53 5 -3.4 0.
54 5 -1.5 0.
55 6 0 0.
56 5 1.5 0.
57 5 3.4 0.
58 6 6 0.
59 3.4 5 0.
60 1.5 5 0.
61 0 6 0.
62 -1.5 5 0.
63 -3.4 5 0.
64 -6 6 0.
65 -5 3.4 0.
66 -5 1.5 0.
67 -6 0 0.
68 -5 -1.5 0.
69 -5 -3.4 0.
70 -6 -6 0.
71 -3.4 -5 0.
72 -1.5 -5 0.

73 0 -8 0.
74 2 -7 0.
75 5 -7 0.
76 8 -8 0.
77 7 -5 0.
78 7 -2 0.
79 8 0 0.
80 7 2 0.
81 7 5 0.
82 8 8 0.
83 5 7 0.
84 2 7 0.
85 0 8 0.
86 -2 7 0.
87 -5 7 0.
88 -8 8 0.
89 -7 5 0.
90 -7 2 0.
91 -8 0 0.
92 -7 -2 0.
93 -7 -5 0.
94 -8 -8 0.
95 -5 -7 0.
96 -2 -7 0.

97 0 -10 0.
98 2.4 -8.2 0.
99 6 -8.2 0.
100 10 -10 0.
101 8.2 -6 0.
102 8.2 -2.4 0.
103 10 0 0.
104 8.2 2.4 0.
105 8.2 6 0.
106 10 10 0.
107 6 8.2 0.
108 2.4 8.4 0.
109 0 10 0.
110 -2.4 8.2 0.
111 -6 8.2 0.
112 -10 10 0.
113 -8.2 6 0.
114 -8.2 2.4 0.
115 -10 0 0.
116 -8.2 -2.4 0.
117 -8.2 -6 0.
118 -10 -10 0.
119 -6 -8.2 0.
120 -2.4 -8.4 0.

121 0 -12 0.
122 2.8 -10 0.
123 7.2 -10 0.
124 12 -12 0.
125 10 -7.2 0.
126 10 -2.8 0. 
127 12 0 0.
128 10 2.8 0.
129 10 7.2 0.
130 12 12 0.
131 7.2 10 0.
132 2.8 10 0.
133 0 12 0.
134 -2.8 10 0.
135 -7.2 10 0.
136 -12 12 0.
137 -10 7.2 0.
138 -10 2.8 0. 
139 -12 0 0.
140 -10 -2.8 0.
141 -10 -7.2 0.
142 -12 -12 0.
143 -7.2 -10 0.
144 -2.8 -10 0.

145 0 -14 0.
146 3.4 -12 0.
147 8.6 -12 0.
148 14 -14 0.
149 12 -8.6 0.
150 12 -3.4 0. 
151 14 0 0.
152 12 3.4 0.
153 12 8.6 0.
154 14 14 0.
155 8.6 12 0.
156 3.4 12 0.
157 0 14 0.
158 -3.4 12 0.
159 -8.6 12 0.
160 -14 14 0.
161 -12 8.6 0.
162 -12 3.4 0. 
163 -14 0 0.
164 -12 -3.4 0.
165 -12 -8.6 0.
166 -14 -14 0.
167 -8.6 -12 0.
168 -3.4 -12 0.

169 0 -16 0.
170 3.8 -14 0.
171 10.2 -14 0.
172 16 -16 0.
173 14 -10.2 0.
174 14 -3.8 0.
175 16 0 0.
176 14 3.8 0.
177 14 10.2 0.
178 16 16 0.
179 10.2 14 0.
180 3.8 14 0.
181 0 16 0.
182 -3.8 14 0.
183 -10.2 14 0.
184 -16 16 0.
185 -14 10.2 0.
186 -14 3.8 0.
187 -16 0 0.
188 -14 -3.8 0.
189 -14 -10.2 0.
190 -16 -16 0.
191 -10.2 -14 0.
192 -3.8 -14 0.

193 0 -18 0.
194 4.4 -16 0.
195 11.6 -16 0.
196 18 -18 0.
197 16 -11.6 0.
198 16 -4.4 0.
199 18 0 0.
200 16 4.4 0.
201 16 11.6 0.
202 18 18 0.
203 11.6 16 0.
204 4.4 16 0. 
205 0 18 0.
206 -4.4 16 0.
207 -11.6 16 0.
208 -18 18 0.
209 -16 11.6 0.
210 -16 4.4 0.
211 -18 0 0.
212 -16 -4.4 0.
213 -16 -11.6 0.
214 -18 -18 0.
215 -11.6 -16 0.
216 -4.4 -16 0. 


217 0 -20 0.
218 5 -18 0.
219 13 -18 0.
220 20 -20 0.
221 18 -13 0.
222 18 -5 0.
223 20 0 0.
224 18 5 0.
225 18 13 0.
226 20 20 0.
227 13 18 0.
228 5 18 0.
229 -0 20 0.
230 -5 18 0.
231 -13 18 0.
232 -20 20 0.
233 -18 13 0.
234 -18 5 0.
235 -20 0 0.
236 -18 -5 0.
237 -18 -13 0.
238 -20 -20 0.
239 -13 -18 0.
240 -5 -18 0.

241 0 -5 1.
242 1 -4 1.
243 2 -1 1.
244 0.5 1 1
245 -0.5 1 1
246 -2 -1 1.
247 -1 -4 1.

248 0 -7 2.
249 2 -5 2.
250 3 -1 2.
251 1 2 2.
252 -1 2 2.
253 -3 -1 2.
254 -2 -5 2.

255 0 -10 3.
256 4 -6 3.
257 5 0 3.
258 2 4 3.
259 -2 4 3.
260 -5 0 3.
261 -4 -6 3.

262 0 -7 4.
263 2 -5 4.
264 3 -1 4.
265 1 2 4.
266 -1 2 4.
267 -3 -1 4.
268 -2 -5 4.

269 0 -5 5.
270 1 -4 5.
271 2 -1 5.
272 0.5 1 5
273 -0.5 1 5
274 -2 -1 5.
275 -1 -4 5.

276 3 7 3.
277 2 10 3.
278 -2 10 3.
279 -3 7 3.

280 1 5 2.5
281 2 7 2.5
282 1 9 2.5
283 -1 9 2.5
284 -2 7 2.5
285 -1 5 2.5

286 0.5 6 2
287 1 7 2.
288 0.5 8 2
289 -0.5 8 2
290 -1 7 2.
291 -0.5 6 2

292 1 5 3.5
293 2 7 3.5
294 1 9 3.5
295 -1 9 3.5
296 -2 7 3.5
297 -1 5 3.5

298 0.5 6 4
299 1 7 4.
300 0.5 8 4
301 -0.5 8 4
302 -1 7 4.
303 -0.5 6 4

304 -1 12 3.
305 1 12 3.

306 2.65 3 3
307 3.5 2 3
308 2.5 1.5 2
309 8 8.5 5
310 8 6.5 5
311 8 7 4.
312 14 10 0.

313 4 1.2 3
314 4.9 -0.5 3
315 4 0 2.
316 9 4.2 5
317 9 2.3 5
318 9 2.8 4
319 15 3 0.

320 4.4 -3.5 3
321 4.2 -5 3
322 3.3 -5 2
323 9 -0.7 5
324 9 -2.5 5
325 9 -2 4.
326 14 -4 0.

327 3 -7 3.
328 1.8 -8.2 3
329 1.5 -8.5 2
330 8 -4.5 5
331 7.6 -6.5 5
332 7.8 -6 4
333 12 -9 0.

334 -2.65 3 3
335 -3.5 2 3
336 -2.5 1.5 2
337 -8 8.5 5
338 -8 6.5 5
339 -8 7 4.
340 -14 10 0.

341 -4 1.2 3
342 -4.9 -0.5 3
343 -4 0 2.
344 -9 4.2 5
345 -9 2.3 5
346 -9 2.8 4
347 -15 3 0.

348 -4.4 -3.5 3
349 -4.2 -5 3
350 -3.3 -5 2
351 -9 -0.7 5
352 -9 -2.5 5
353 -9 -2 4.
354 -14 -4 0.

355 -3 -7 3.
356 -1.8 -8.2 3
357 -1.5 -8.5 2
358 -8 -4.5 5
359 -7.6 -6.5 5
360 -7.8 -6 4
361 -12 -9 0.


362 0 10 3.


377 2.65 3 3
378 3.5 2 3
379 2.5 1.5 2

380 4 1.2 3
381 4.9 -0.5 3
382 4 0 2.

383 4.4 -3.5 3
384 4.2 -5 3
385 3.3 -5 2

386 3 -7 3.
387 1.8 -8.2 3
388 1.5 -8.5 2

389 -2.65 3 3
390 -3.5 2 3
391 -2.5 1.5 2

392 -4 1.2 3
393 -4.9 -0.5 3
394 -4 0 2.

395 -4.4 -3.5 3
396 -4.2 -5 3
397 -3.3 -5 2

398 -3 -7 3.
399 -1.8 -8.2 3
400 -1.5 -8.5 2













501 20 20 0.
502 0 20 0.
503 -20 20 0.
504 -20 0 0.
505 -20 -20 0.
506 0 -20 0.
507 20 -20 0.
508 20 0 0.
600 0 0 0.

Faces:

501 505.
502 506.
503 507.
504 508.
218 2.
219 3.
221 5.
222 6.
224 8.
225 9.
227 11.
228 12.
230 14.
231 15.
233 17.
234 18.
236 20.
237 21.
239 23.
240 24.

1 2 3 4 5 6 7 8 9 10 11 12 13 14 15 16 17 18 19 20 21 22 23 24 1. 24 23 22 21 20 19 18 17 16 15 14 13 12 11 10 9 8 7 6 5 4 3 2 1.
25 26 27 28 29 30 31 32 33 34 35 36 37 38 39 40 41 42 43 44 45 46 47 48 25. 48 47 46 45 44 43 42 41 40 39 38 37 36 35 34 33 32 31 30 29 28 27 26 25.
49 50 51 52 53 54 55 56 57 58 59 60 61 62 63 64 65 66 67 68 69 70 71 72 49. 72 71 70 69 68 67 66 65 64 63 62 61 60 59 58 57 56 55 54 53 52 51 50 49.
73 74 75 76 77 78 79 80 81 82 83 84 85 86 87 88 89 90 91 92 93 94 95 96 73. 96 95 94 93 92 91 90 89 88 87 86 85 84 83 82 81 80 79 78 77 76 75 74 73.
97 98 99 100 101 102 103 104 105 106 107 108 109 110 111 112 113 114 115 116 117 118 119 120 97. 120 119 118 117 116 115 114 113 112 111 110 109 108 107 106 105 104 103 102 101 100 99 98 97.
121 122 123 124 125 126 127 128 129 130 131 132 133 134 135 136 137 138 139 140 141 142 143 144 121. 144 143 142 141 140 139 138 137 136 135 134 133 132 131 130 129 128 127 126 125 124 123 122 121.
145 146 147 148 149 150 151 152 153 154 155 156 157 158 159 160 161 162 163 164 165 166 167 168 145. 168 167 166 165 164 163 162 161 160 159 158 157 156 155 154 153 152 151 150 149 148 147 146 145.
169 170 171 172 173 174 175 176 177 178 179 180 181 182 183 184 185 186 187 188 189 190 191 192 169. 192 191 190 189 188 187 186 185 184 183 182 181 180 179 178 177 176 175 174 173 172 171 170 169.
193 194 195 196 197 198 199 200 201 202 203 204 205 206 207 208 209 210 211 212 213 214 215 216 193. 216 215 214 213 212 211 210 209 208 207 206 205 204 203 202 201 200 199 198 197 196 195 194 193.
217 218 219 220 221 222 223 224 225 226 227 228 229 230 231 232 233 234 235 236 237 238 239 240 217. 240 239 238 237 236 235 234 233 232 231 230 229 228 227 226 225 224 223 222 221 220 219 218 217.

241 242 243 244 245 246 247 241. 247 246 245 244 243 242 241.
248 249 250 251 252 253 254 248. 254 253 252 251 250 249 248.
255 256 257 258 259 260 261 255. 261 260 259 258 257 256 255.
262 263 264 265 266 267 268 262. 268 267 266 265 264 263 262.
269 270 271 272 273 274 275 269. 275 274 273 272 271 270 269.

258 276 277 278 279 259 258. 259 279 278 277 276 258.
280 281 282 283 284 285 280. 285 284 283 282 281 280.
286 287 288 289 290 291 286. 291 290 289 288 287 286.
292 293 294 295 296 297 292. 297 296 295 294 293 292.
298 299 300 301 302 303 298. 303 302 301 300 299 298.

258 280 281 276 258. 276 281 280 258.
281 282 277 276 281. 276 277 282 281.
282 283 278 277 282. 277 278 283 282.
283 284 279 278 283. 278 279 284 283.
284 285 259 279 284. 279 259 285 284.
285 280 258 259 285. 259 258 280 285.

286 287 281 280 286. 280 281 287 286.
287 288 282 281 287. 281 282 288 287.
288 289 283 282 288. 282 283 289 288.
289 290 284 283 289. 283 284 290 289.
290 291 285 284 290. 284 285 291 290.
291 286 280 285 291. 285 280 286 291.

292 293 276 258 292. 258 276 293 292.
293 294 277 276 293. 276 277 294 293.
294 295 278 277 294. 277 278 295 294.
295 296 279 278 295. 278 279 296 295.
296 297 259 279 296. 279 259 297 296.
297 292 258 259 297. 259 258 292 297.

298 299 293 292 298. 292 293 299 298.
299 300 284 283 299. 283 284 300 299.
300 301 295 294 300. 294 295 301 300.
301 302 296 295 301. 295 296 302 301.
302 303 297 296 302. 296 297 303 302.
303 298 292 297 303. 297 292 298 303.

241 242 249 248 241. 248 249 242 241.
242 243 250 249 242. 249 250 243 242.
243 244 251 250 243. 250 251 244 243.
244 245 252 251 244. 251 252 245 244.
245 246 253 252 245. 252 253 246 245.
246 247 254 253 246. 253 254 247 246.
247 241 248 254 247. 254 248 241 247.

248 249 256 255 248. 255 256 249 248.
249 250 257 256 249. 256 257 250 249.
250 251 258 257 250. 257 258 251 250.
251 252 259 258 251. 258 259 252 251.
252 253 260 259 252. 259 260 253 252.
253 254 261 260 253. 260 261 254 253.
254 248 255 261 254. 261 255 248 254.

262 263 256 255 262. 255 256 263 262.
263 264 257 256 263. 256 257 264 263.
264 265 258 257 264. 257 258 265 264.
265 266 259 258 265. 258 259 266 265.
266 267 260 259 266. 259 260 267 266.
267 268 261 260 267. 260 261 268 267.
268 262 255 261 268. 261 255 262 268.

269 270 263 262 269. 262 263 270 269.
270 271 264 263 270. 263 264 271 270.
271 272 265 264 271. 264 265 272 271.
272 273 266 265 272. 265 266 273 272.
273 274 267 266 273. 266 267 274 273.
274 275 268 267 274. 267 268 275 274.
275 269 262 268 275. 268 262 269 275.

278 304 362 278. 362 304 278.
305 277 362 305. 362 277 305.

306 309.
309 312.
307 310.
310 312.
308 311.
311 312.

313 316.
316 319.
314 317.
317 319.
315 318.
318 319.

320 323.
323 326.
321 324.
324 326.
322 325.
325 326.

327 330.
330 333.
328 331.
331 333.
329 332.
332 333.

334 337.
337 340.
335 338.
338 340.
336 339.
339 340.

341 344.
344 347.
342 345.
345 347.
343 346.
346 347.

348 351.
351 354.
349 352.
352 354.
350 353.
353 354.

355 358.
358 361.
356 359.
359 361.
357 360.
360 361.

328 329 332 331 328. 331 332 329 328.
329 327 330 332 329. 332 330 327 329.
327 328 331 330 327. 330 331 328 327.
330 332 333 330. 333 332 330.
330 331 333 330. 333 331 333.
331 332 333 331. 333 332 331.

320 322 325 323 320. 323 325 322 320.
320 321 324 323 320. 323 324 321 320.
321 324 325 322 321. 322 325 324 321.
323 325 326 323. 326 325 323.
325 324 326 325. 326 324 325.
323 324 326 323. 326 324 323.

313 315 318 316 313. 316 318 315 313.
313 314 317 316 313. 316 317 314 313.
314 317 318 315 314. 315 318 317 314.
318 316 319 318. 319 316 318.
316 317 319 316. 319 317 316.
317 318 319 317. 319 318 317.

306 308 311 309 306. 309 311 308 306.
306 307 310 309 306. 309 310 307 306.
307 310 311 308 307. 308 311 310 307.
311 309 312 311. 312 309 311.
309 310 312 309. 312 310 309.
310 311 312 310. 312 311 310.

334 335 338 337 334. 337 338 335 334.
336 334 337 339 336. 339 337 334 336.
336 335 338 339 336. 339 338 335 336.
338 339 340 338. 340 339 338.
338 337 340 338. 340 337 338.
339 337 340 339. 340 337 339. 

341 342 345 344 341. 344 345 342 341.
341 343 346 344 341. 344 346 343 341.
343 342 345 346 343. 346 345 342 343.
344 346 347 344. 347 346 344.
344 345 347 344. 347 345 344.
345 346 347 345. 347 346 345.

348 349 352 351 348. 351 352 349 348.
348 350 353 351 348. 351 353 350 348.
349 350 353 352 349. 352 353 350 349.
351 353 354 351. 354 353 351.
351 352 354 351. 354 352 351. 
352 353 354 352. 354 353 352.

355 356 359 358 355. 358 359 356 355.
355 357 360 358 355. 358 360 357 355.
356 357 360 359 356. 359 360 357 356.
358 360 361 358. 361 360 358.
358 359 361 358. 361 359 358.
359 360 361 359. 361 360 359.



241 242 249 248 241. 248 249 242 241.
